1 1 1
1 2 1
3 4 7
8 5 7
9 8 7
9 9 9
9 9 9
10 10 10
10 11 10
10 11 10
10 11 11
10 11 12
11 11 12
11 11 13
11 11 13
11 11 13
11 11 13
11 11 14
11 12 14
11 12 15
11 13 15
11 13 15
12 13 15
12 13 15
12 13 17
12 13 17
12 13 17
12 13 17
12 13 17
12 14 17
12 14 17
12 14 17
12 14 18
12 15 18
12 15 20
12 15 21
12 15 21
12 15 21
12 15 21
12 15 21
12 15 21
12 15 21
12 15 21
12 15 21
12 15 21
12 16 23
13 16 23
14 16 24
15 17 24
15 17 24
15 17 24
15 17 24
15 18 24
15 18 24
15 18 24
15 18 25
15 18 25
15 18 25
15 18 25
15 18 25
16 18 25
17 18 25
17 18 25
17 18 25
17 18 25
17 18 25
17 18 25
18 18 26
19 18 26
19 18 26
19 18 26
20 18 26
20 18 26
21 18 26
21 18 26
21 18 26
21 18 26
21 18 26
21 18 26
21 18 26
22 18 27
22 19 27
22 19 27
22 19 27
22 19 27
22 19 27
23 19 27
23 19 27
24 19 27
24 19 27
24 19 27
24 21 27
24 21 27
24 21 27
24 21 30
24 21 31
24 21 31
24 22 31
24 22 31
24 22 31
24 22 31
24 22 31
24 22 32
24 22 33
24 22 33
24 22 33
24 22 34
24 22 34
25 23 34
25 23 34
25 23 34
26 23 34
27 23 35
27 23 35
27 23 35
27 23 36
27 23 36
29 23 37
29 23 37
29 23 37
29 23 37
29 23 37
29 23 37
29 23 38
31 23 38
31 23 39
31 23 39
32 23 39
32 23 39
32 23 40
32 23 40
33 23 40
33 24 42
33 24 44
33 24 44
33 24 44
33 25 45
34 25 46
34 25 46
36 25 46
36 25 46
36 25 47
36 26 47
36 28 47
36 28 47
36 28 47
37 28 48
37 28 48
38 28 48
38 28 48
38 29 48
38 30 51
38 30 51
38 30 51
38 30 51
38 31 51
38 31 51
38 31 51
39 31 52
40 31 53
41 32 53
41 33 54
42 33 54
43 34 54
43 34 54
44 34 54
44 34 54
44 35 55
45 35 55
45 36 55
45 36 55
45 36 57
46 36 57
46 36 57
46 36 57
46 36 57
46 36 57
46 37 57
46 38 57
46 39 57
46 41 59
46 41 59
46 41 61
46 42 63
47 42 64
48 42 64
48 42 64
48 42 66
48 42 66
48 42 66
48 42 67
48 42 68
49 42 68
49 43 68
49 44 70
49 45 70
49 45 70
49 45 71
49 45 71
49 47 71
49 47 71
49 47 71
49 48 71
49 49 71
49 49 72
49 49 73
51 49 73
51 49 73
51 50 74
51 52 74
52 52 75
52 53 76
54 54 77
54 54 78
54 54 78
54 54 79
56 55 81
56 59 81
57 59 83
57 62 83
58 62 84
58 62 85
58 63 85
59 64 85
59 64 85
60 65 87
60 67 88
60 68 88
60 68 88
60 69 89
60 69 90
60 69 90
61 69 90
62 69 90
63 72 93
64 73 93
65 73 93
66 73 94
66 73 94
66 73 96
66 73 97
66 74 98
67 74 99
67 75 100
67 75 100
67 75 100
67 75 100
68 76 101
68 77 101
70 77 101
70 78 101
70 78 102
71 79 102
71 79 103
71 79 103
71 79 103
73 79 104
75 80 104
76 80 104
76 80 104
76 80 105
76 81 106
76 81 107
77 83 107
77 83 108
77 83 112
78 84 112
78 84 112
78 84 113
79 84 113
79 84 113
79 84 113
80 84 113
80 85 113
80 87 115
81 87 116
82 88 116
82 90 116
82 90 116
83 92 116
83 93 117
83 93 119
84 94 122
85 97 124
86 97 124
86 98 125
88 99 125
89 100 125
90 101 125
90 101 129
90 101 131
90 101 134
92 102 135
92 102 136
95 102 137
95 102 138
96 103 138
96 103 140
96 104 140
96 105 140
97 106 141
97 107 141
97 107 141
99 109 143
103 109 144
104 109 146
105 112 146
105 116 146
107 116 146
108 117 148
108 118 150
109 120 152
110 121 153
111 121 153
114 121 153
116 124 154
117 124 155
119 125 157
122 125 157
122 127 157
122 127 158
122 127 158
123 128 160
124 129 160
125 129 164
125 129 164
125 130 166
125 132 166
126 133 166
127 133 167
127 133 168
127 136 169
128 136 171
130 138 172
132 139 173
134 139 173
135 140 174
137 140 175
140 141 175
140 143 180
141 145 181
142 145 182
143 146 182
143 147 184
144 150 184
148 150 185
149 151 186
149 152 188
150 153 190
151 153 190
151 154 191
153 155 192
155 155 194
156 155 196
158 155 198
160 156 199
160 157 201
160 159 204
160 159 205
162 159 206
163 159 206
164 159 206
166 159 208
166 159 208
166 159 209
167 159 209
168 159 209
170 159 210
171 161 210
173 164 214
174 165 214
175 167 214
176 168 216
176 168 216
177 171 217
177 171 218
181 171 218
182 174 220
182 174 222
183 174 223
184 174 226
185 174 227
189 176 227
189 178 229
190 180 229
190 181 229
191 181 229
192 181 233
193 181 234
194 182 234
197 182 235
199 184 237
199 186 237
200 187 237
200 187 239
201 189 240
204 190 240
205 190 241
208 191 243
208 191 244
209 191 245
209 193 248
210 194 248
210 195 250
214 195 252
214 196 253
215 197 255
216 197 255
217 198 257
217 198 259
217 198 261
218 198 261
222 199 261
223 204 261
223 206 267
225 208 267
229 212 271
231 212 272
232 214 275
232 216 275
234 218 278
237 218 283
239 220 288
240 225 289
242 226 290
243 226 291
244 227 294
245 227 296
246 228 296
246 228 297
248 232 297
249 233 301
250 234 303
255 234 305
256 236 308
257 237 309
259 239 310
263 239 310
264 241 315
268 243 318
268 244 319
268 245 321
269 249 324
272 250 326
274 251 330
277 252 331
278 252 332
278 253 335
281 255 338
282 256 342
283 258 343
288 258 344
288 261 344
288 262 345
290 265 351
290 270 353
290 272 357
293 275 358
294 278 361
294 279 364
297 279 366
298 280 366
302 280 367
306 280 370
307 282 374
307 283 374
309 284 377
312 286 382
314 287 386
316 289 388
319 289 393
321 289 396
322 290 400
325 292 404
329 295 406
329 297 408
331 301 408
332 301 410
335 301 412
336 302 412
338 303 415
338 305 416
339 307 417
339 309 417
339 311 417
340 315 419
343 320 423
347 320 424
349 322 428
350 323 431
351 326 435
352 328 436
353 329 439
355 330 440
359 332 443
361 333 445
362 337 447
363 338 450
363 338 450
363 339 452
364 340 455
365 341 459
368 344 461
370 346 463
371 347 465
372 350 468
376 352 469
379 355 471
386 357 472
389 357 474
391 359 476
394 362 477
396 367 480
396 368 481
399 371 481
401 372 481
402 374 484
406 376 488
409 378 490
409 380 490
411 382 492
413 386 494
415 390 496
418 391 501
421 392 503
423 395 504
425 399 506
425 400 509
428 403 512
429 404 514
431 407 516
432 408 518
433 410 520
435 414 521
439 415 521
440 416 524
442 417 525
443 419 527
446 420 529
448 420 529
456 421 534
457 421 538
462 423 542
463 425 545
464 427 546
465 429 548
466 432 550
469 434 551
470 436 551
472 438 557
472 439 560
476 440 564
478 442 564
478 445 566
481 446 566
483 448 569
486 450 572
486 454 575
486 456 575
486 459 579
489 464 581
489 469 588
493 471 589
497 472 590
498 474 595
500 476 596
501 476 596
504 478 597
507 479 597
510 481 600
512 482 602
513 486 604
513 491 605
514 491 606
517 491 608
522 492 609
522 493 611
523 494 614
524 498 616
526 501 617
528 502 617
531 502 619
534 504 620
536 505 623
538 506 624
541 507 625
543 511 625
546 514 626
549 516 628
549 518 631
554 520 631
554 522 637
555 530 644
558 534 647
559 537 647
561 539 648
563 541 648
565 543 648
567 548 651
568 553 652
572 555 653
573 558 654
576 560 655
577 561 655
582 562 656
583 562 658
583 564 660
583 565 662
586 567 666
587 570 668
589 572 671
590 574 672
592 576 676
594 578 681
596 580 684
597 581 689
597 583 690
598 586 691
599 590 694
602 593 696
602 594 698
603 596 700
604 598 701
606 599 702
606 604 704
608 610 705
609 612 705
611 612 708
612 614 709
614 615 710
616 616 713
618 619 714
621 621 716
623 623 716
625 626 717
627 628 719
627 632 720
628 635 721
630 637 721
632 637 724
632 637 725
633 638 729
635 641 732
638 644 737
640 646 739
640 647 740
642 651 741
644 652 744
646 655 746
647 657 749
649 661 750
650 663 751
653 664 753
654 664 753
654 669 754
656 670 755
657 671 756
657 675 757
659 675 757
661 677 760
664 679 761
669 680 761
670 681 762
673 682 764
675 684 765
678 685 768
679 687 770
681 689 771
684 689 773
687 691 776
688 697 777
690 699 777
693 700 777
695 702 780
698 702 781
699 704 785
700 708 787
703 709 788
705 712 788
705 715 791
706 716 791
708 716 795
709 718 799
714 719 799
718 724 800
719 724 801
719 727 801
721 730 803
725 730 805
726 733 807
728 735 808
728 737 810
730 737 811
732 738 814
734 739 815
734 739 820
737 739 823
738 743 824
738 744 824
740 745 824
741 748 824
741 748 826
743 750 827
744 752 828
746 754 832
747 755 833
750 755 835
753 756 838
754 758 838
755 759 839
756 763 839
756 763 840
756 764 840
759 765 840
761 766 842
762 768 842
765 771 842
767 771 843
769 773 845
770 774 847
773 774 848
775 775 849
775 777 851
776 777 854
777 780 854
777 781 856
779 784 856
782 785 857
786 785 857
789 785 860
789 788 861
791 791 862
793 792 863
796 795 865
796 799 866
796 801 868
797 801 869
799 803 869
799 806 871
799 808 871
802 810 873
803 811 874
803 812 876
803 815 876
806 815 877
808 815 878
809 815 881
811 816 882
814 818 883
814 821 883
815 823 884
816 824 884
820 825 884
820 827 885
823 827 886
828 830 888
829 830 890
829 832 890
831 833 890
834 835 891
835 836 891
837 836 891
839 836 892
839 837 892
839 837 892
840 838 892
841 840 893
842 840 893
844 840 894
845 841 896
845 844 897
846 846 898
846 846 900
846 849 900
846 850 900
847 852 900
849 852 902
849 852 902
849 853 902
850 854 903
854 856 904
854 857 904
855 857 905
856 857 906
856 858 906
857 858 906
858 859 906
858 859 906
860 859 907
862 859 908
864 860 909
866 861 909
866 862 909
866 863 912
866 863 912
866 864 912
868 865 912
870 867 913
870 867 913
871 868 914
871 869 914
873 871 915
874 871 915
874 871 915
875 872 916
877 873 916
877 873 917
877 873 919
878 873 919
880 874 919
880 874 919
881 875 921
881 875 921
884 875 922
884 875 923
885 877 923
886 877 923
886 878 924
886 882 924
886 883 925
889 884 926
890 886 926
890 887 926
890 889 927
891 890 927
892 892 928
892 895 928
894 896 930
894 896 931
895 897 931
898 897 931
899 897 931
899 898 932
899 898 932
900 901 932
900 902 932
900 903 933
901 903 934
901 903 934
902 903 935
902 904 936
902 905 936
903 906 936
904 908 937
906 911 937
907 911 938
910 912 939
911 912 939
911 914 939
912 915 939
913 915 939
914 915 939
915 915 939
915 915 939
915 915 939
918 915 939
918 915 939
919 915 939
920 915 940
920 916 940
921 916 941
922 917 941
922 917 942
923 917 942
923 917 942
924 918 944
924 918 944
924 919 945
924 920 946
924 920 946
925 922 947
926 923 947
926 923 947
927 923 948
929 924 948
929 924 949
929 926 949
929 927 949
930 928 949
930 928 949
931 928 949
933 928 949
935 928 949
935 928 949
936 929 950
937 929 950
938 930 950
939 931 952
939 932 952
940 932 953
940 933 953
941 933 954
941 933 954
941 934 954
941 934 954
941 934 954
941 935 954
941 935 955
941 935 955
941 936 955
942 937 955
942 937 956
942 938 958
943 938 958
943 938 958
943 938 958
943 938 959
943 939 960
944 939 960
944 941 960
944 942 960
944 942 961
944 942 962
944 943 962
944 944 962
944 944 962
944 946 962
944 946 963
944 946 964
945 947 964
945 947 965
945 947 967
947 948 967
947 948 967
947 948 967
949 948 967
949 948 967
950 949 967
951 949 968
953 949 968
953 949 969
954 949 969
954 949 969
955 950 969
956 950 969
956 950 969
958 950 969
959 950 970
959 950 970
959 950 971
959 951 971
959 951 972
959 951 972
959 951 972
959 951 973
959 951 973
961 951 973
961 952 973
961 952 973
961 952 975
961 952 975
962 952 975
962 953 975
962 954 975
963 954 975
964 954 975
964 955 975
965 955 976
966 956 976
967 957 976
967 958 976
967 958 976
967 958 976
967 958 976
967 960 976
967 961 977
967 961 977
967 961 977
967 961 977
967 961 978
967 961 978
967 961 978
967 961 980
967 961 980
968 961 981
968 962 981
969 962 981
969 962 981
969 962 981
969 963 981
969 963 981
970 963 981
970 964 981
970 964 981
970 964 981
970 964 981
971 965 981
971 965 981
971 965 981
971 965 981
971 966 981
971 966 981
971 966 981
971 966 981
971 966 981
971 966 981
971 966 982
971 966 982
971 967 982
971 967 983
972 967 983
972 967 983
972 967 983
972 967 983
972 967 983
972 967 983
972 967 984
972 967 984
972 968 984
972 969 984
972 969 985
973 969 985
973 969 985
973 970 985
973 970 985
973 971 985
973 972 985
974 972 985
975 973 985
975 973 985
975 973 985
975 973 985
975 973 985
975 973 985
976 973 985
977 973 985
977 973 986
977 974 986
978 974 987
979 974 987
979 974 987
979 975 987
979 975 987
979 975 987
979 975 987
980 975 987
980 975 988
980 976 988
980 976 988
980 977 988
980 977 988
980 977 988
980 977 988
980 977 988
980 977 988
980 978 988
980 978 988
980 978 988
980 978 988
980 979 988
980 979 988
980 979 988
980 979 988
980 979 988
980 979 989
980 979 989
980 979 989
980 979 989
980 979 989
980 979 989
980 979 989
980 979 989
980 979 989
981 979 989
981 979 989
981 979 989
981 979 989
982 979 989
982 979 989
982 979 989
982 979 989
982 980 990
982 980 990
983 981 990
983 981 990
983 981 990
983 981 990
983 981 990
983 981 990
983 981 990
983 981 990
983 981 990
983 982 990
983 982 990
983 982 991
983 982 991
983 982 991
983 984 991
983 984 991
983 984 991
984 984 992
985 984 992
985 985 992
985 985 992
985 985 992
985 985 992
986 985 993
986 985 994
986 985 994
986 986 994
986 986 994
986 986 994
986 986 994
986 986 994
986 986 994
986 986 995
987 986 995
987 986 996
987 986 996
987 986 996
987 987 996
987 989 996
987 989 996
987 989 996
987 989 996
987 990 996
987 990 996
987 990 996
987 990 996
987 990 996
988 991 996
988 991 996
989 991 996
989 991 996
989 991 996
989 991 996
989 992 996
989 992 996
989 992 996
989 992 996
989 992 996
989 992 997
989 992 997
989 992 997
989 992 997
989 992 997
989 992 997
989 992 997
990 992 997
990 992 997
990 992 997
990 992 997
990 993 997
990 993 997
990 993 997
991 993 997
991 993 997
991 993 997
991 993 997
991 993 997
991 993 997
992 993 997
992 993 998
992 993 998
992 993 998
992 993 998
992 993 998
992 993 998
992 993 998
992 993 998
992 993 998
992 993 998
992 993 998
993 993 998
993 993 998
993 993 998
993 993 998
993 993 998
993 993 998
993 993 998
993 993 998
993 993 998
993 993 998
993 993 998
994 993 998
994 993 998
994 993 998
994 993 998
994 993 998
994 993 998
994 993 998
994 993 998
994 993 998
994 993 998
994 993 998
994 993 998
994 993 998
994 993 998
994 993 998
994 993 998
994 993 998
994 993 998
994 993 998
994 994 998
994 994 998
994 994 998
994 994 998
994 994 998
994 995 998
994 995 998
994 995 998
994 995 998
994 995 998
994 995 998
994 995 998
994 995 998
994 995 998
994 995 998
995 995 998
995 995 998
995 995 998
995 995 998
995 995 998
995 995 998
995 995 998
995 995 998
995 995 998
995 995 998
995 995 998
995 995 998
995 995 998
995 995 998
995 995 998
995 995 998
995 995 998
995 995 998
996 995 998
996 995 998
996 996 998
996 996 998
996 996 998
996 996 998
996 996 998
996 996 998
996 996 998
996 996 998
996 996 998
996 996 998
996 996 998
997 996 998
997 996 998
997 996 998
997 996 998
997 996 998
997 996 998
997 996 998
997 996 998
997 996 998
997 996 998
997 996 998
997 996 998
997 996 998
997 996 998
997 996 998
997 996 998
997 996 998
997 996 998
997 996 998
997 996 998
997 996 998
997 996 998
997 996 998
997 996 998
997 996 998
997 996 998
997 996 998
997 996 998
997 996 998
997 996 998
997 996 998
997 996 998
997 996 998
997 996 998
997 996 998
997 996 998
997 996 998
997 996 998
997 996 998
997 996 998
998 996 998
998 996 998
998 996 998
998 996 998
998 996 998
998 996 998
998 996 998
998 996 998
998 996 998
998 996 998
998 996 998
998 996 998
998 996 998
998 996 998
998 996 998
998 996 998
998 996 998
998 996 998
998 996 998
998 996 998
998 996 998
998 996 998
998 996 998
998 996 998
998 996 998
998 996 998
998 997 998
998 997 998
998 997 998
998 997 998
998 997 998
998 997 998
998 997 998
998 997 998
998 997 998
998 997 998
998 997 998
998 997 998
998 997 998
998 997 998
998 997 998
998 997 998
998 997 998
998 997 998
998 997 998
998 997 998
998 997 998
998 997 998
998 997 998
998 997 998
998 997 998
998 997 998
998 997 998
998 997 998
998 997 998
998 998 998
998 998 998
998 998 998
998 998 998
998 998 998
998 998 998
998 998 998
998 998 998
998 998 998
998 998 998
998 998 998
998 998 998
998 998 998
998 998 998
998 998 998
998 998 998
998 998 998
998 998 998
998 998 998
998 998 998
998 998 998
998 998 998
998 998 998
998 998 998
998 998 998
998 998 998
998 998 998
998 998 998
998 998 998
998 998 998
998 998 998
998 998 998
998 998 998
998 998 998
998 998 998
998 998 998
998 998 998
998 998 998
998 998 998
998 998 998
998 998 998
998 998 998
998 998 998
998 998 998
998 998 998
998 998 998
998 998 998
998 998 998
998 998 998
998 998 998
998 998 998
998 998 998
998 998 998
998 998 998
998 998 998
998 998 998
998 998 998
998 998 998
998 998 998
998 998 998
998 998 998
998 998 998
998 998 998
998 998 998
998 998 998
998 998 998
