1 1 1
1 2 1
1 2 1
1 2 1
1 2 1
1 2 1
1 2 1
1 2 1
1 2 1
1 2 1
1 2 1
1 2 1
1 2 1
1 2 2
1 2 2
1 2 2
1 2 2
1 2 2
1 2 2
1 2 2
1 2 3
1 2 3
1 2 3
1 3 3
1 3 3
1 3 3
1 3 3
1 3 3
1 3 3
1 3 3
1 3 3
1 3 4
1 3 4
1 3 4
1 3 4
1 3 5
1 3 5
1 3 5
1 3 5
1 3 5
1 3 6
1 3 6
2 3 6
2 3 6
2 3 7
2 3 7
2 3 7
2 3 7
2 3 7
2 3 7
2 3 7
3 3 7
3 3 7
3 3 7
3 3 8
3 3 8
3 3 8
3 3 8
3 3 8
5 3 8
5 3 8
5 3 8
5 3 8
5 3 8
5 3 8
5 3 8
5 3 8
5 3 8
5 3 8
5 3 8
5 3 8
5 3 8
5 3 8
5 3 8
5 3 8
5 3 9
6 4 9
6 4 9
6 4 9
7 4 9
8 4 9
8 4 11
8 4 11
8 4 11
8 4 11
8 4 11
8 4 13
8 4 13
8 4 13
8 5 13
8 5 14
8 5 15
8 5 15
8 5 16
8 5 16
8 5 17
8 5 17
8 5 17
8 6 17
8 6 18
8 6 18
8 6 18
8 6 18
8 6 18
8 6 19
8 6 19
8 6 19
8 6 19
8 6 20
9 6 20
9 7 20
10 7 20
10 7 21
10 7 21
10 7 21
10 7 21
10 7 21
10 7 21
10 7 21
10 7 22
10 7 22
10 7 23
10 7 25
10 7 25
10 7 25
11 7 26
11 7 26
12 8 26
12 10 27
12 10 28
12 10 28
12 11 32
12 11 32
14 11 33
15 11 35
15 12 36
15 12 36
15 12 37
16 12 37
16 13 39
17 13 39
17 13 40
17 13 42
17 13 42
17 13 43
17 13 45
17 13 48
18 14 49
18 15 49
18 15 49
18 15 51
18 15 51
18 15 53
18 15 53
18 15 53
18 15 55
19 16 57
19 16 58
19 16 58
20 17 58
20 17 59
21 18 61
21 18 61
21 18 62
23 18 62
24 18 62
25 18 63
26 18 65
27 18 66
28 18 67
28 18 67
29 18 69
30 18 71
30 18 72
32 19 73
32 20 74
32 21 76
32 21 82
32 22 83
33 22 84
33 22 86
33 22 87
35 23 87
35 23 88
35 23 88
35 24 88
37 25 90
38 26 92
38 26 94
39 26 96
40 28 100
40 28 104
41 28 104
42 28 106
42 28 109
43 28 112
44 29 114
45 29 117
45 29 118
45 30 121
45 31 124
45 31 128
45 31 131
47 31 134
48 31 138
49 32 139
49 32 140
52 32 140
54 32 140
54 33 142
54 34 144
54 35 146
54 37 148
55 37 151
55 37 158
57 38 160
58 40 164
58 41 165
59 41 168
59 41 172
62 42 175
62 42 177
65 43 180
67 44 185
69 46 190
71 47 192
71 48 199
72 49 205
72 50 211
73 50 213
76 50 219
78 50 224
79 52 226
80 53 230
84 53 232
87 53 238
90 54 240
91 54 242
92 55 245
94 57 250
96 57 259
97 58 262
100 60 264
103 60 267
105 62 270
107 62 273
107 64 276
110 65 277
111 65 281
116 66 281
122 66 284
125 67 287
129 68 292
132 68 294
134 69 297
137 71 302
139 74 306
141 76 307
143 76 312
146 77 317
152 77 318
154 78 323
155 79 327
159 81 330
162 82 332
166 85 335
167 85 340
172 87 344
175 88 350
177 88 353
178 88 357
180 89 361
186 90 370
193 90 374
194 92 379
198 93 381
202 94 383
206 96 388
209 99 394
213 100 400
217 102 404
220 104 414
225 105 419
227 108 425
230 108 429
234 112 437
239 112 447
244 114 455
248 116 457
254 116 463
263 118 467
268 121 471
270 122 481
273 127 487
277 129 495
280 132 502
283 133 507
285 136 510
290 139 513
294 141 520
297 142 522
300 145 525
303 147 531
307 151 535
311 152 539
312 153 544
316 158 547
321 160 548
328 164 553
329 168 560
333 170 565
335 172 575
339 177 584
342 182 587
348 186 592
349 188 593
354 189 599
358 191 605
361 197 609
370 199 613
375 203 616
380 206 622
385 210 631
387 214 633
390 216 637
397 218 641
400 224 647
404 225 651
409 228 656
415 230 661
419 233 664
421 236 666
423 238 668
425 242 671
425 245 675
432 251 680
439 256 684
443 260 691
447 265 695
453 268 702
459 274 703
464 281 705
470 286 710
472 290 713
477 293 717
482 298 725
487 303 729
494 306 732
502 310 736
510 314 738
514 318 745
521 321 749
528 327 754
531 330 758
535 334 759
543 341 761
544 351 764
549 357 767
554 360 768
559 362 771
560 366 776
566 370 778
571 376 781
573 379 783
581 381 785
586 388 787
591 393 790
598 397 792
605 400 796
611 403 800
614 408 805
616 414 805
623 416 810
626 419 811
629 429 814
633 432 818
638 434 821
641 442 825
642 446 828
648 451 831
651 455 834
653 462 836
661 463 838
668 468 841
670 473 841
676 478 841
681 486 846
683 492 850
688 498 850
693 501 854
695 505 860
699 515 862
701 516 862
703 518 864
706 524 866
709 531 869
711 536 871
717 537 873
720 539 874
726 542 875
734 548 877
736 551 880
743 556 881
747 563 882
749 567 884
755 574 887
759 577 888
763 583 889
766 587 890
771 589 891
776 595 893
779 598 894
780 603 895
782 605 896
783 611 899
788 619 899
793 623 900
795 627 901
795 632 903
800 640 906
802 644 907
804 645 910
808 649 910
810 655 911
813 661 913
817 664 914
823 664 914
825 670 915
827 674 918
829 677 919
834 683 920
835 684 921
836 691 921
842 695 923
843 699 925
846 704 925
846 710 928
847 719 933
848 729 934
848 731 938
852 731 938
854 732 939
856 738 940
856 745 941
858 749 942
862 752 944
864 754 944
867 761 944
867 764 946
870 765 946
872 771 947
877 774 947
877 782 948
878 783 949
883 788 951
885 789 951
885 794 951
889 798 951
892 800 954
895 805 956
899 809 957
900 811 958
902 814 958
902 818 959
902 823 960
904 826 960
905 830 961
905 831 961
906 832 961
910 835 962
911 838 962
915 840 963
919 844 964
920 847 965
920 850 965
923 855 965
924 855 966
924 858 967
925 858 968
926 860 971
927 863 971
929 865 971
930 869 971
932 873 972
933 874 974
933 875 974
933 877 974
935 879 974
935 879 974
936 881 974
940 885 974
943 888 975
944 888 976
945 889 977
946 890 977
947 894 977
948 895 977
948 897 977
949 898 977
949 900 977
951 902 977
952 903 977
952 905 978
952 906 978
953 906 978
953 910 978
954 915 978
956 917 978
959 919 978
960 920 980
962 920 980
963 923 980
964 923 980
967 924 980
967 928 981
967 930 981
968 930 981
968 930 981
969 931 981
969 932 982
970 932 982
970 932 982
971 932 982
972 932 982
973 936 982
974 937 982
974 937 983
974 939 983
975 941 983
976 942 984
976 942 984
977 944 984
977 944 984
977 945 984
979 945 986
980 945 986
981 945 986
982 946 986
982 946 986
982 946 986
982 946 986
983 947 986
983 948 986
983 948 986
983 949 986
983 949 986
984 952 986
984 953 986
984 953 987
984 954 988
984 956 989
985 958 989
985 959 989
985 960 990
986 961 990
986 962 990
986 964 990
986 966 990
987 966 990
987 966 990
987 967 990
987 967 990
987 968 990
988 968 990
988 969 991
988 970 991
988 971 991
988 971 991
988 971 991
988 972 991
988 972 991
988 973 992
988 973 992
988 974 993
989 974 993
989 974 993
989 976 993
989 977 993
989 977 993
990 979 993
990 979 993
990 980 993
990 980 993
990 980 993
991 980 993
991 980 993
991 981 993
991 982 993
991 982 993
991 983 994
991 983 995
991 984 995
991 984 995
992 984 995
992 984 995
992 984 995
992 985 995
992 985 995
992 985 995
993 985 995
993 986 995
993 986 995
994 986 995
994 986 995
995 986 996
995 986 996
995 987 997
995 989 997
995 989 997
995 989 997
995 989 997
995 989 997
995 990 997
995 991 997
995 991 997
995 991 998
995 991 998
995 991 998
995 991 998
995 991 998
995 991 998
995 992 998
995 992 998
996 992 998
996 992 998
996 992 998
996 992 998
996 992 998
997 992 998
997 992 998
997 992 998
997 992 998
997 992 998
997 992 998
997 992 998
997 992 998
997 993 998
997 993 998
997 993 998
997 993 998
997 994 998
997 994 1000
997 994 1000
997 994 1000
997 995 1000
997 995 1000
997 995 1000
997 995 1000
997 996 1000
997 996 1000
997 996 1000
997 996 1000
998 996 1000
998 996 1000
998 996 1000
998 996 1000
998 996 1000
998 996 1000
998 996 1000
998 996 1000
998 996 1000
998 996 1000
998 996 1000
998 996 1000
998 996 1000
998 996 1000
998 996 1000
998 996 1000
998 996 1000
998 996 1000
998 996 1000
998 996 1000
998 996 1000
998 996 1000
998 996 1000
998 996 1000
998 996 1000
998 996 1000
998 996 1000
998 996 1000
998 996 1000
998 996 1000
998 996 1000
998 996 1000
998 996 1000
998 997 1000
998 997 1000
998 997 1000
998 997 1000
998 997 1000
999 997 1000
999 997 1000
999 998 1000
999 998 1000
999 998 1000
999 998 1000
999 998 1000
999 998 1000
999 998 1000
999 999 1000
999 999 1000
999 999 1000
999 999 1000
999 999 1000
999 999 1000
999 999 1000
999 999 1000
999 999 1000
999 999 1000
999 999 1000
999 999 1000
999 999 1000
999 999 1000
999 999 1000
999 999 1000
999 999 1000
1000 999 1000
1000 999 1000
1000 999 1000
1000 1000 1000
1000 1000 1000
1000 1000 1000
1000 1000 1000
1000 1000 1000
1000 1000 1000
1000 1000 1000
1000 1000 1000
1000 1000 1000
1000 1000 1000
1000 1000 1000
1000 1000 1000
1000 1000 1000
1000 1000 1000
1000 1000 1000
1000 1000 1000
1000 1000 1000
1000 1000 1000
1000 1000 1000
1000 1000 1000
1000 1000 1000
1000 1000 1000
1000 1000 1000
1000 1000 1000
1000 1000 1000
1000 1000 1000
1000 1000 1000
1000 1000 1000
1000 1000 1000
1000 1000 1000
1000 1000 1000
1000 1000 1000
1000 1000 1000
1000 1000 1000
1000 1000 1000
1000 1000 1000
1000 1000 1000
1000 1000 1000
1000 1000 1000
1000 1000 1000
1000 1000 1000
1000 1000 1000
1000 1000 1000
1000 1000 1000
1000 1000 1000
1000 1000 1000
1000 1000 1000
1000 1000 1000
1000 1000 1000
1000 1000 1000
1000 1000 1000
1000 1000 1000
1000 1000 1000
1000 1000 1000
1000 1000 1000
1000 1000 1000
1000 1000 1000
1000 1000 1000
1000 1000 1000
1000 1000 1000
1000 1000 1000
1000 1000 1000
1000 1000 1000
1000 1000 1000
1000 1000 1000
1000 1000 1000
1000 1000 1000
1000 1000 1000
1000 1000 1000
1000 1000 1000
1000 1000 1000
1000 1000 1000
1000 1000 1000
1000 1000 1000
1000 1000 1000
1000 1000 1000
1000 1000 1000
1000 1000 1000
1000 1000 1000
1000 1000 1000
1000 1000 1000
